_version.3D35.5.10.0.26coreVersion.3Dqemu2.25202.12.0 = 1751346063
_version.3D35.6.11.0.26coreVersion.3Dqemu2.25202.12.0 = 1752216693
